     21/99     8.58G   0.02288    0.0568  0.003512    0.0359    0.1191        12       640    0.2496    0.9576    0.2505     0.176   0.01991   0.03311  0.002191
     22/99     11.8G   0.02245   0.05658  0.003338   0.03553    0.1179        16       640    0.2514    0.9635    0.2549    0.1828   0.01931   0.03261  0.001883
     23/99     11.8G   0.02226   0.05575  0.003305   0.03579    0.1171        13       640    0.2505    0.9598     0.266    0.1925   0.01921   0.03256  0.001747
     24/99     11.9G   0.02232   0.05539  0.003227   0.03563    0.1166        13       640    0.2538    0.9653    0.2566    0.1838   0.01926   0.03241  0.001588
     25/99     11.9G   0.02186   0.05436  0.002977   0.03535    0.1145        20       640    0.2528    0.9646    0.2554    0.1818   0.01915   0.03247  0.001479
     26/99     11.9G   0.02186   0.05519  0.003203    0.0352    0.1155        10       640    0.2547    0.9656    0.2565    0.1831    0.0189   0.03218  0.001401
     27/99     11.9G   0.02159   0.05441  0.003205    0.0353    0.1145        13       640    0.2551    0.9627    0.2573    0.1852   0.01883   0.03238  0.001496
     28/99     11.9G   0.02166   0.05396  0.002886   0.03523    0.1137        12       640    0.2539    0.9618    0.2567    0.1861   0.01829   0.03159  0.001535
     29/99     11.9G   0.02141   0.05411  0.002753   0.03521    0.1135        16       640    0.2566    0.9665    0.2577    0.1868   0.01836   0.03139  0.001423
     30/99     11.9G   0.02108   0.05377  0.002743   0.03508    0.1127        13       640    0.2604    0.9656     0.259    0.1906   0.01787   0.03128   0.00136
     31/99     11.9G   0.02097   0.05356  0.002754   0.03511    0.1124        16       640    0.2588    0.9656    0.2596    0.1901   0.01812   0.03104  0.001438
     32/99     11.9G   0.02095   0.05395  0.002676   0.03494    0.1125        15       640    0.2569    0.9697    0.2604    0.1925   0.01766   0.03093  0.001228
     33/99     11.9G   0.02102   0.05374  0.002959   0.03474    0.1125        13       640    0.2571    0.9667    0.2595    0.1906   0.01779   0.03101  0.001333
     34/99     11.9G   0.02065   0.05259  0.002772   0.03497     0.111        13       640    0.2573    0.9637    0.2586    0.1931   0.01751   0.03108   0.00127
     35/99     11.9G   0.02056   0.05245   0.00259   0.03493    0.1105        16       640    0.2611    0.9677    0.2615    0.1935   0.01728    0.0306  0.001134
     36/99     11.9G   0.02054   0.05236  0.002734   0.03455    0.1102        11       640    0.2599    0.9688    0.2611    0.1954   0.01717   0.03032  0.001246
     37/99     11.9G   0.02028   0.05205  0.002546   0.03461    0.1095        14       640    0.2589    0.9697    0.2602    0.1937    0.0172   0.03071   0.00112
     38/99     11.9G   0.02023   0.05207  0.002434   0.03478    0.1095        23       640    0.2593    0.9663    0.2605    0.1957   0.01691   0.03048  0.001318
     39/99     11.9G   0.02014   0.05124  0.002549   0.03456    0.1085        16       640    0.2592    0.9658    0.2594    0.1942   0.01682   0.03034  0.001103
     40/99     11.9G   0.01997   0.05155  0.002402   0.03451    0.1084        13       640    0.2623    0.9688    0.2605    0.1948   0.01675      0.03 0.0009981
     41/99     11.9G   0.01998   0.05159  0.002413   0.03455    0.1085        12       640    0.2619    0.9718    0.2634    0.1977   0.01694   0.03024  0.001053
     42/99     11.9G   0.01961   0.05082  0.002315    0.0345    0.1073        15       640    0.2613    0.9658    0.2593    0.1954   0.01659   0.03006  0.001098
     43/99     11.9G   0.01963   0.05115  0.002339   0.03434    0.1075        13       640     0.261    0.9688    0.2606    0.1969   0.01655   0.03011  0.001124
     44/99     11.9G   0.01953   0.05076  0.002292   0.03429    0.1069        11       640    0.2623    0.9709    0.2616    0.1965   0.01653   0.02995  0.001132
     45/99     11.9G    0.0195   0.05084  0.002161   0.03432    0.1068        10       640    0.2621    0.9677    0.2619     0.197   0.01647   0.02976  0.001068
     46/99     11.9G   0.01931    0.0507  0.002417   0.03444    0.1069        13       640    0.2631    0.9697    0.2619    0.1971   0.01657   0.02984  0.001053
     47/99     11.9G   0.01926   0.05033  0.002337   0.03403     0.106        15       640    0.2627    0.9697    0.2622    0.1992    0.0164    0.0298  0.001027
     48/99     11.9G   0.01922   0.05079  0.002336   0.03408    0.1064        16       640    0.2626    0.9677     0.261    0.1985   0.01627   0.02971  0.001041
     49/99     11.9G   0.01901   0.05031  0.002382   0.03411    0.1058        17       640    0.2636    0.9707    0.2625    0.1992   0.01629   0.02978  0.001028
     50/99     11.9G   0.01901   0.05001   0.00211   0.03405    0.1052        12       640    0.2613    0.9677    0.2623    0.1986   0.01627   0.02974  0.001036
     51/99     11.9G   0.01888   0.04977  0.002228   0.03409     0.105        14       640    0.2634    0.9707    0.2639    0.2019   0.01612   0.02947  0.001008
     52/99     11.9G     0.019   0.05069  0.002225   0.03381    0.1057        14       640    0.2624    0.9688     0.264    0.2009   0.01599   0.02931 0.0009642
     53/99     11.9G   0.01877   0.04933  0.002221   0.03386    0.1042        15       640    0.2644    0.9707    0.2628     0.201   0.01596   0.02928  0.001023
     54/99     11.9G   0.01865    0.0495  0.002076   0.03381     0.104        17       640    0.2642    0.9707    0.2626    0.2014   0.01589   0.02918 0.0009487
     55/99     11.9G   0.01854   0.04972   0.00206   0.03365     0.104        13       640    0.2641    0.9707    0.2623    0.2004   0.01592   0.02926 0.0009606
     56/99     11.9G   0.01836   0.04866  0.002007   0.03379    0.1028        10       640    0.2647    0.9707    0.2633    0.2012   0.01592   0.02928 0.0009388
     57/99     11.9G   0.01829   0.04889  0.001993   0.03364    0.1028        10       640    0.2644    0.9688    0.2634    0.2017   0.01588   0.02934 0.0009281
     58/99     11.9G   0.01848   0.04903  0.001922   0.03386    0.1033        13       640    0.2648    0.9707    0.2638    0.2015   0.01581   0.02922 0.0009097
     59/99     11.9G   0.01836   0.04901  0.002012   0.03369    0.1031        10       640    0.2654    0.9707    0.2629    0.2014   0.01584   0.02925 0.0008955
     60/99     11.9G   0.01806    0.0482  0.002056   0.03362    0.1019        17       640    0.2661    0.9707    0.2634    0.2018   0.01578    0.0292 0.0008855
     61/99     11.9G   0.01816   0.04817  0.001929   0.03351    0.1018        15       640    0.2656    0.9707    0.2627    0.2021   0.01573   0.02915 0.0008728
